3.998493558983826119e+02 5.436840678173167589e+02
4.310183185952159874e+02 5.447679182821622135e+02
4.603006579586468661e+02 5.457294486000164397e+02
4.879047289798365341e+02 5.465419957712591668e+02
5.139282144049872159e+02 5.472670711343648691e+02
5.384355592533642039e+02 5.479166546085949676e+02
5.616602937817697239e+02 5.484200372870733418e+02
5.836867128658390129e+02 5.488751246689823802e+02
6.044022791317051997e+02 5.492713263300063318e+02
6.240892806243637096e+02 5.496696776382761982e+02
6.428248198710655288e+02 5.500152066742510897e+02
6.605229318225061661e+02 5.503094706032378554e+02
6.774404276588702487e+02 5.505717948252959104e+02
6.936248944310826801e+02 5.507854904874999420e+02
7.089295136523243173e+02 5.510383156019076978e+02
7.236484244854788130e+02 5.511695826539156542e+02
4.010441476771383122e+02 4.974789212734071953e+02
4.319527656258235311e+02 4.999384642607052456e+02
4.610207409457766516e+02 5.021837057972281286e+02
4.884263763422532634e+02 5.042683015169592409e+02
5.141928826478060728e+02 5.061335919796745202e+02
5.385735901962819980e+02 5.078829836950877734e+02
5.616159712740396799e+02 5.094800802294689674e+02
5.834242445190598119e+02 5.109992622369903756e+02
6.040390956095051251e+02 5.123628888038301739e+02
6.236027210604313495e+02 5.136269553762555233e+02
6.421825407525432183e+02 5.148442211055275948e+02
6.598627872295735415e+02 5.159652299936988129e+02
6.766571883281045530e+02 5.170032786956578548e+02
6.926702326281713340e+02 5.180173341865543080e+02
7.079518499350543834e+02 5.189682527601883066e+02
7.225759591955289807e+02 5.198600486254175621e+02
4.022461894208169610e+02 4.518656690408314489e+02
4.328280912268799625e+02 4.557178910968519858e+02
4.616546316648872335e+02 4.592053476103749290e+02
4.888122362886838914e+02 4.624602645684039999e+02
5.144075023195912308e+02 4.654873334164231551e+02
5.386350723752003660e+02 4.683265194189527847e+02
5.614860542217508055e+02 4.709751685155517862e+02
5.831454269844269902e+02 4.734414944818460640e+02
6.036418596476928542e+02 4.757778349447630717e+02
6.230761481515986588e+02 4.779685304161187105e+02
6.415202456778889655e+02 4.800037418060945811e+02
6.591428177866825990e+02 4.819347945515357878e+02
6.758242805916628413e+02 4.837470013446884991e+02
6.917383487747940762e+02 4.855367149242648566e+02
7.069261470475214537e+02 4.871812040476495440e+02
7.214573756505417350e+02 4.888097431959730557e+02
4.033186940617728169e+02 4.068932622341033039e+02
4.337067499650984246e+02 4.119589092093629006e+02
4.622386898910863806e+02 4.166688514921558522e+02
4.891536914452254905e+02 4.211503083739346494e+02
5.145706087736704148e+02 4.253352171580751246e+02
5.386121869900682668e+02 4.292387386933660878e+02
5.612761576829674368e+02 4.328861958954335591e+02
5.828005258254487444e+02 4.363430205116655998e+02
6.031939510502937765e+02 4.396103160481816303e+02
6.224607416429016666e+02 4.427016384601013215e+02
6.408691044058722355e+02 4.456302949817060721e+02
6.583213737959412128e+02 4.483472662659513617e+02
6.749106944747761645e+02 4.509775540511028566e+02
6.907197047886468226e+02 4.534613151703725862e+02
7.058690767454695560e+02 4.558226935092684471e+02
7.202904286053079659e+02 4.580496194726516137e+02
4.043682432484139326e+02 3.625493521997658490e+02
4.344474594213126011e+02 3.689413348119770149e+02
4.627569653418804592e+02 3.748495761451222279e+02
4.894118654950415817e+02 3.804230390956841461e+02
5.146115236241851107e+02 3.856622769837116493e+02
5.384807159497462408e+02 3.906643335552042799e+02
5.610323744539734889e+02 3.953175579392762984e+02
5.823686552769357831e+02 3.996917286118848551e+02
6.025960408684546792e+02 4.038925340570455660e+02
6.217745054248428005e+02 4.078409089253054844e+02
6.400214292296350322e+02 4.115858981447352107e+02
6.573954192467250550e+02 4.151119305989822692e+02
6.739066136278132717e+02 4.184624847854471454e+02
6.896770039652662945e+02 4.217057421071124281e+02
7.046268313021167842e+02 4.248211032713277859e+02
7.190629172392392547e+02 4.276878186089809333e+02
4.054416819453825838e+02 3.191136717166843368e+02
4.351303906126948959e+02 3.266208169265501056e+02
4.632349064397537859e+02 3.337139700111528668e+02
4.896369401860521293e+02 3.403675489296533669e+02
5.146091841736350716e+02 3.466734464301469529e+02
5.382321654934569324e+02 3.526348284776797755e+02
5.606825808677207306e+02 3.582857041036839973e+02
5.818746771977171193e+02 3.636218354234497383e+02
6.019271341377263980e+02 3.686388284495182006e+02
6.210002214137679175e+02 3.734278802427351138e+02
6.391605645723388989e+02 3.779797371303395721e+02
6.564042056074765696e+02 3.823160213618157286e+02
6.728133960770711610e+02 3.864345615275498744e+02
6.884556907229524541e+02 3.903124789349511161e+02
7.033282166477825967e+02 3.940651761481910853e+02
7.177169758159192270e+02 3.976673514909603000e+02
4.064706095201275957e+02 2.764256828057413600e+02
4.358180793612763750e+02 2.851308690500087550e+02
4.635816494137417294e+02 2.932683928122054340e+02
4.897953184655063978e+02 3.010070176112769786e+02
5.145244926180906759e+02 3.083406895419634566e+02
5.379260033645441581e+02 3.151678198228604515e+02
5.601497701413630921e+02 3.217944489139179041e+02
5.812150122247867330e+02 3.279881453785329199e+02
6.011640458906119875e+02 3.339264941993425282e+02
6.201091679795933942e+02 3.395002063170530846e+02
6.381492651056032628e+02 3.447992530251474363e+02
6.553293012862064870e+02 3.499218723346183992e+02
6.716369653824808665e+02 3.547402706723437404e+02
6.872799187089120778e+02 3.593583212468288366e+02
7.021010362502249791e+02 3.637390735700594178e+02
7.163865413190078471e+02 3.679769116470453696e+02
4.074084890167926574e+02 2.347424636184994711e+02
4.364146914579271765e+02 2.444777794125460559e+02
4.638690103038570669e+02 2.536454501175643941e+02
4.898213612897382063e+02 2.624018474139386967e+02
5.143717156139066446e+02 2.706917383918898850e+02
5.376019617664931047e+02 2.784963458095879787e+02
5.595638808030037126e+02 2.859101592869153023e+02
5.805068537270237812e+02 2.930165466662841709e+02
6.003149203839755046e+02 2.997250534734492362e+02
6.191399949292039082e+02 3.060928345750282915e+02
6.371250004067619557e+02 3.121850034981533213e+02
6.541739829454610344e+02 3.179813465979747775e+02
6.704861193051458486e+02 3.235164085545723083e+02
6.859195274929911648e+02 3.287945648392575322e+02
7.006885661528935998e+02 3.337807545167068497e+02
7.149398602734333963e+02 3.386089103180024154e+02
4.082902329703098303e+02 1.940812798169753819e+02
4.369707348464707479e+02 2.047723482483095268e+02
4.640893268576654123e+02 2.149186508157780509e+02
4.897527757156216808e+02 2.246078879879677288e+02
5.140598014593409744e+02 2.337832925089916785e+02
5.370713996820172724e+02 2.424470809740313939e+02
5.589890959911512027e+02 2.507521060655884639e+02
5.796994689002108316e+02 2.586230730442299546e+02
5.993802074647747986e+02 2.660843532271513254e+02
6.181454855450442665e+02 2.732505834559505047e+02
6.359350004199210389e+02 2.800075375829343898e+02
6.529382751851520652e+02 2.865000803069509629e+02
6.690500509319098228e+02 2.926965250983802775e+02
6.845187801590510617e+02 2.985528642674214552e+02
6.992708617912005593e+02 3.042299811667536460e+02
7.134273351200608886e+02 3.096567129042772422e+02
4.091635567114541345e+02 1.544163601240798585e+02
4.374516772943317164e+02 1.660792077479388240e+02
4.642386168882301263e+02 1.770885728843392144e+02
4.896337987297415566e+02 1.876599156811213334e+02
5.136848797090013932e+02 1.976241558233146520e+02
5.365128762220614362e+02 2.071648782580302282e+02
5.581939462373993592e+02 2.162212252871767078e+02
5.787913189584689917e+02 2.248786705098180505e+02
5.983692425732248239e+02 2.330898960102500155e+02
6.169451554004706395e+02 2.408871784468067858e+02
6.347067550235143472e+02 2.483948054724240819e+02
6.515968304722408675e+02 2.555728317017001245e+02
6.676563103504595347e+02 2.623680567585090557e+02
6.830687605135957483e+02 2.689028809914187832e+02
6.978261672230803470e+02 2.752164034082415469e+02
7.118794992292008601e+02 2.811816102242776765e+02
4.099334685487366414e+02 1.158923143944203389e+02
4.378348712824732729e+02 1.283708710473727592e+02
4.642895027490610573e+02 1.401752381228946547e+02
4.894354129378675111e+02 1.515365901730162932e+02
5.132816046749322823e+02 1.623217274733738691e+02
5.359387820357541159e+02 1.726269076110653486e+02
5.574295908410189213e+02 1.824277263147908457e+02
5.778341664815226295e+02 1.917432644597496960e+02
5.972732902615821331e+02 2.006692404664355536e+02
6.157550840246756252e+02 2.091626740628016705e+02
6.333523805039737908e+02 2.173167915929036553e+02
6.501476577032831301e+02 2.251087341858449236e+02
6.662386886698712942e+02 2.326101323951983204e+02
6.815304272180316048e+02 2.396992917115661044e+02
6.961858778534433441e+02 2.465154241799347687e+02
7.102006290223472433e+02 2.530280230264221473e+02
4.106238160763077190e+02 7.836599295712130697e+01
4.382273658144826527e+02 9.163182253431216395e+01
4.643843520920265746e+02 1.042483365287019410e+02
4.892681733876225962e+02 1.163357555822815925e+02
5.128076499010511498e+02 1.277867202960754298e+02
5.352220730705539609e+02 1.388144093985109748e+02
5.565473008277839426e+02 1.493243763222536131e+02
5.767830133699005728e+02 1.593224583857083303e+02
5.960850030668574391e+02 1.688787773461459665e+02
6.144364084102654715e+02 1.780928309554308839e+02
6.319798421596104845e+02 1.868759570590390808e+02
6.486979245283018827e+02 1.952499371069182530e+02
6.646774014030122544e+02 2.032903636059252790e+02
6.798793930742309612e+02 2.109375805857432056e+02
6.944661958593321742e+02 2.183005704514006879e+02
7.085398231371411839e+02 2.254578621822750506e+02
4.113580040673276699e+02 4.194588854076869211e+01
4.385513527535239859e+02 5.591898932588605931e+01
4.643817510023010868e+02 6.924123134770957222e+01
4.889320334906096832e+02 8.199381688099418852e+01
5.123188894937397890e+02 9.420692705498095165e+01
5.344782886872130803e+02 1.058647282681737920e+02
5.556214677014380641e+02 1.170017880240432078e+02
5.756832880052140808e+02 1.276345279572574896e+02
5.949073455183039414e+02 1.378926642225882233e+02
6.131454984011721763e+02 1.476128302477952730e+02
6.305670571810125011e+02 1.569396503581401134e+02
6.471854029062086511e+02 1.659253104359312943e+02
6.630202890432444747e+02 1.744523414743446210e+02
6.782146985076066130e+02 1.826408491453094598e+02
6.927594984408359551e+02 1.905720111532426131e+02
7.067829189610100684e+02 1.981326339062239299e+02
4.388132745806391881e+02 2.123289192112099499e+01
4.643166512801575436e+02 3.519551637124573062e+01
4.886171399634339991e+02 4.859883659752460972e+01
5.117124119326271057e+02 6.138324000321244966e+01
5.337410280645630110e+02 7.366649701904896119e+01
5.546517109597364197e+02 8.538506987751446786e+01
5.745968176756109642e+02 9.661603034187135108e+01
5.935824016824878981e+02 1.074031879927367754e+02
6.117942624360000536e+02 1.177983672965030451e+02
6.290190766748712576e+02 1.276328158934370549e+02
6.456025282462838959e+02 1.371763248617914428e+02
6.613762816630446650e+02 1.462305449665704487e+02
6.765109916519098761e+02 1.549650898052112211e+02
6.909745186101183663e+02 1.632928019133294129e+02
7.049698750867453327e+02 1.713754476058293221e+02
4.882893035952574223e+02 1.605796694969285454e+01
5.111160147512800904e+02 2.942775939516059225e+01
5.329805124513835608e+02 4.232650382966539837e+01
5.536383830118315927e+02 5.457139216054520148e+01
5.734559375043535283e+02 6.635735779663144740e+01
5.923375278094832765e+02 7.772758313826392396e+01
6.103129423675851513e+02 8.854153604210137019e+01
6.274829795738346547e+02 9.890154919094743491e+01
6.439403380484295667e+02 1.088620234955646424e+02
6.597407791571381495e+02 1.185084599259501488e+02
6.747543086884426202e+02 1.277054852209618048e+02
6.891746963562752626e+02 1.365894912867452717e+02
7.030607163837161124e+02 1.450682091875697779e+02
5.526009579955784830e+02 2.452299189388361356e+01
5.722294729407179830e+02 3.682327439232301458e+01
5.909980963480962828e+02 4.863952861952861895e+01
6.089207976814793710e+02 5.997148771736124218e+01
6.259779375335334635e+02 7.088188792109497172e+01
6.422288197751363441e+02 8.130637979443162067e+01
6.579649101628673407e+02 9.141368432285344170e+01
6.729457658346658491e+02 1.010398734617256764e+02
6.872036645329233124e+02 1.102476347417054399e+02
7.011518791451732113e+02 1.192621223286661802e+02
3.347657947667636904e+02 5.416661079527190168e+02
3.364521673701430586e+02 4.955743869813179572e+02
3.381790982783488175e+02 4.500131428806163854e+02
3.398335796320517375e+02 4.051007777157742566e+02
3.414918646796406847e+02 3.609017328820242483e+02
3.431797858822636726e+02 3.174832963510848458e+02
3.448114894659481138e+02 2.749169006520182279e+02
3.464938537272788039e+02 2.333003437342296138e+02
3.480954621193691878e+02 1.926725142756994842e+02
3.497251312312793061e+02 1.530693550182895706e+02
3.512041204010778870e+02 1.145576889453805052e+02
3.528555290769640465e+02 7.712492046782267607e+01
3.542646633964308194e+02 4.078739956062474903e+01
3.044572435282343008e+02 5.408435272025670884e+02
3.063183436760847371e+02 4.961466634922442154e+02
3.082343068143672440e+02 4.520053289694528189e+02
3.100932356783662840e+02 4.084124170699130900e+02
3.119647056922775050e+02 3.655174041862511558e+02
3.138829274684513848e+02 3.233226121840099836e+02
3.158334331966239574e+02 2.819410582753953918e+02
3.177417573827898991e+02 2.414298485140620869e+02
3.196265470184987976e+02 2.018445934088585432e+02
3.214653739451415504e+02 1.632318367015287208e+02
3.233802911530630695e+02 1.255889351136510186e+02
3.252827395442915304e+02 8.899510340523283958e+01
3.270249658900083887e+02 5.341860831234259877e+01
3.288107598767469995e+02 1.878326180257511169e+01
2.759934069400630960e+02 5.399711930025810034e+02
2.779980300900859334e+02 4.966333087574591900e+02
2.800369336331991690e+02 4.537775458751737006e+02
2.821102865976929479e+02 4.114682304673564204e+02
2.841876647711179658e+02 3.698333714621870740e+02
2.863168744007670057e+02 3.288429210610418636e+02
2.884048716260697915e+02 2.885680116751239552e+02
2.905222013461126949e+02 2.491543273004019170e+02
2.926598888882194274e+02 2.105787543911447983e+02
2.947729318203860203e+02 1.728976723887111007e+02
2.969174385607967110e+02 1.361181131873427148e+02
2.990287973779766162e+02 1.003377113054358460e+02
3.011325072782224197e+02 6.544890568851587886e+01
3.031989256063812377e+02 3.154711053231324058e+01
2.493451825220545004e+02 5.391011933893008745e+02
2.513658398403823071e+02 4.969897529374091505e+02
2.535193332584465793e+02 4.554252006340410048e+02
2.557266716508574405e+02 4.143430291419404057e+02
2.579750746492174471e+02 3.738319590338542184e+02
2.602433389371326484e+02 3.340026184659296860e+02
2.625624497022372452e+02 2.948283066523047182e+02
2.649028901810668231e+02 2.563912274659920172e+02
2.672167620129741863e+02 2.188078782914294038e+02
2.695407318742638267e+02 1.820394132914537408e+02
2.718792797942269317e+02 1.461185624464132502e+02
2.742452242524917096e+02 1.110756852159468622e+02
2.765799515084065092e+02 7.697026908859652394e+01
2.789297617752637848e+02 4.371951484825410716e+01
2.241651517270311729e+02 5.382038875681722629e+02
2.263624422341026161e+02 4.973184809050164858e+02
2.285947886802288167e+02 4.569116105845073434e+02
2.309045230919088283e+02 4.170207767182172915e+02
2.333060622289969501e+02 3.776425506129861560e+02
2.356833628318583749e+02 3.388798329335869539e+02
2.381384120208907973e+02 3.007730345461800994e+02
2.406041736191101563e+02 2.633265316008741479e+02
2.431298492403527121e+02 2.266296847354029182e+02
2.456547590799350473e+02 1.907272441366010867e+02
2.482198865718245600e+02 1.556273040098134288e+02
2.507566202877266619e+02 1.213174678533598012e+02
2.532316628169292585e+02 8.796683084223866445e+01
2.558150228166086890e+02 5.536540459946684223e+01
2.583834941894820076e+02 2.359887728973808407e+01
2.003553759769330043e+02 5.372801047120418616e+02
2.027047666679490874e+02 4.975772592621090098e+02
2.050541440175899197e+02 4.583133817870884741e+02
2.074680754966400968e+02 4.194943157198986796e+02
2.099451931039674832e+02 3.812142512986524139e+02
2.125052409456796738e+02 3.434178285275810936e+02
2.150511366895470360e+02 3.063459264641211348e+02
2.177352756214994258e+02 2.698101896433133788e+02
2.203662758521737146e+02 2.341097730952917573e+02
2.230057846496027025e+02 1.990154705745188721e+02
2.257349683407808811e+02 1.646578647711392591e+02
2.284202197202704951e+02 1.311552667964671741e+02
2.310784857752414609e+02 9.843795651122951540e+01
2.338165157931930196e+02 6.646297420635909248e+01
2.364483380896424478e+02 3.529175759610541263e+01
1.779161205208953902e+02 5.363627117201464216e+02
1.803569011470084718e+02 4.977849615815821380e+02
1.828257494894142781e+02 4.595513023087719375e+02
1.853017310609440642e+02 4.218197108949763674e+02
1.879462820652492780e+02 3.845440596009285628e+02
1.905813650654946798e+02 3.477735185518346270e+02
1.932452980371923559e+02 3.115851931718460150e+02
1.959255996941798514e+02 2.760860323932701590e+02
1.988145286606375919e+02 2.411280535474717794e+02
2.015784268158917314e+02 2.068673520608302852e+02
2.043394406943104968e+02 1.733148891031822814e+02
2.072418613274007839e+02 1.405133481646273594e+02
2.100173497087737076e+02 1.084067706823392996e+02
2.127842325898805313e+02 7.713041476651108042e+01
2.155629330490754683e+02 4.653809953320023851e+01
2.182357756003476368e+02 1.668046146702704391e+01
1.567301939438294767e+02 5.354841048394474683e+02
1.592634655213155099e+02 4.979567273165329766e+02
1.617778710378196934e+02 4.607328428952305330e+02
1.643960544762667837e+02 4.240022985668307456e+02
1.670783407889803698e+02 3.877006758873589547e+02
1.698169152029777820e+02 3.518820262882401266e+02
1.725738385747837640e+02 3.166387600007637957e+02
1.754042225031605255e+02 2.819283691529709017e+02
1.783186503607777809e+02 2.478011068522762912e+02
1.811878669432460924e+02 2.143760778332951418e+02
1.841078876686473791e+02 1.815190813966752899e+02
1.871006555761464654e+02 1.494341531605840032e+02
1.899833826707063622e+02 1.180154007913290002e+02
1.929427151768743158e+02 8.725599892842109284e+01
1.957937955028670842e+02 5.718845435216803708e+01
1.984915908908022857e+02 2.798284649016932235e+01
1.366701162608831623e+02 5.345926437620562410e+02
1.393199739034427580e+02 4.980325102880658505e+02
1.419135231427138137e+02 4.618364290257359812e+02
1.445671881804206578e+02 4.260707217771341675e+02
1.473591029131569599e+02 3.906797391797391583e+02
1.501259324242517437e+02 3.557318927571028553e+02
1.530181627470464889e+02 3.213576791432041659e+02
1.559040334166977004e+02 2.874931357420315976e+02
1.588593419774946938e+02 2.541886388301822421e+02
1.618091331653219811e+02 2.215070760837596140e+02
1.649109449156967457e+02 1.893208048551237539e+02
1.678683736559952138e+02 1.580502033761037524e+02
1.709292685482973013e+02 1.271842581008587558e+02
1.739094393707086112e+02 9.707876141590560337e+01
1.769323161990579649e+02 6.757737729537853966e+01
1.798504458801254486e+02 3.880267817138565078e+01
1.177551731831111539e+02 5.337647108037258477e+02
1.204281284693797716e+02 4.981411021273255528e+02
1.231030090225222153e+02 4.628791050203404893e+02
1.258436643738275222e+02 4.279530725939400781e+02
1.286647007320572982e+02 3.934832915825570581e+02
1.315602078885004573e+02 3.594329172434829616e+02
1.343878089752819847e+02 3.258392128629709532e+02
1.374096281704013904e+02 2.928091603053434824e+02
1.403458023496551448e+02 2.602609918043832522e+02
1.434696408247531849e+02 2.282359916360074976e+02
1.465271392672926822e+02 1.968961380769739549e+02
1.496396228856043251e+02 1.661003881108703126e+02
1.527185352670654197e+02 1.359577463166703524e+02
1.559023140665111100e+02 1.063951648882095355e+02
1.590170850398222626e+02 7.749756683643397537e+01
1.620656896414024573e+02 4.920206053829565462e+01
9.984038636196274297e+01 5.329301529247159124e+02
1.025494541771632555e+02 4.981733973064620500e+02
1.052681849415922386e+02 4.638134386963777160e+02
1.080432433426962859e+02 4.297874139855508133e+02
1.109034002484796986e+02 3.961408029817563374e+02
1.137626775171533211e+02 3.629326791128131617e+02
1.167616729254594361e+02 3.301247050613139891e+02
1.197686988728716528e+02 2.978254283354206109e+02
1.228583495995153783e+02 2.659881739247492760e+02
1.258789077824222602e+02 2.348434790254724476e+02
1.290856260216662577e+02 2.040331227661873186e+02
1.322170736027870248e+02 1.738897139145581718e+02
1.354197433796224175e+02 1.443292027492931311e+02
1.386173856029763556e+02 1.154116158150740716e+02
1.419434583729283190e+02 8.698451366630695247e+01
1.449848458304134624e+02 5.925455501051158080e+01
8.275707047690534068e+01 5.321251105809184310e+02
8.553222857894390074e+01 4.981968698625632896e+02
8.835285516801360473e+01 4.646448851552530641e+02
9.110169956140350678e+01 4.315102247807017193e+02
9.403648068669528470e+01 3.986312750934514497e+02
9.695311556575292400e+01 3.662333655355633368e+02
9.997390901759312953e+01 3.341547686609516177e+02
1.030274750956735090e+02 3.026496304519295677e+02
1.061518177836180428e+02 2.715587677033143450e+02
1.093496440479408705e+02 2.410100928178787285e+02
1.124206556155708654e+02 2.109830974110635111e+02
1.157572807723250179e+02 1.812901850362027290e+02
1.189690417710736767e+02 1.523560547795668185e+02
1.221541298906599877e+02 1.239896588064813727e+02
1.254265490635940239e+02 9.608567009958875360e+01
1.287123648513958472e+02 6.873730148936374462e+01
6.653221346199106279e+01 5.313494351612143873e+02
6.936361777933529993e+01 4.982704573330996709e+02
7.218813854068547187e+01 4.654564524309832336e+02
7.505471412343808879e+01 4.330729647860658815e+02
7.797882777532856835e+01 4.009773184090382756e+02
8.095817289483650825e+01 3.693339619366241777e+02
8.397868259194828511e+01 3.380598595924453775e+02
8.705521540687966819e+01 3.071890873236748689e+02
9.022932839426638907e+01 2.768119987115477443e+02
9.340414727760605729e+01 2.469213511769301022e+02
9.669574453621564203e+01 2.173741375208184650e+02
1.000245434275696539e+02 1.884795670008339812e+02
1.032298027688222959e+02 1.600844870092926158e+02
1.064108528543845011e+02 1.321276731392764532e+02
1.096580443853624445e+02 1.047227761160961563e+02
1.130387522881314055e+02 7.798569732350466666e+01
5.115976788807959252e+01 5.305899945977160996e+02
5.396489605917611243e+01 4.983069442673128719e+02
5.683798666795476606e+01 4.662662705696712351e+02
5.975976549741981358e+01 4.346149323927101591e+02
6.270519628932507317e+01 4.032807542350093968e+02
6.570428419936371256e+01 3.722971155885471717e+02
6.871143756558235793e+01 3.417531042322490293e+02
7.189211422649938754e+01 3.115100738123348947e+02
7.496480028530670836e+01 2.818375534950071142e+02
7.821416403449622123e+01 2.525423040068141063e+02
8.148180918203192391e+01 2.236202059912615709e+02
8.486918583086054468e+01 1.952801836053412217e+02
8.810669786218917920e+01 1.673712175428938167e+02
9.134112871287128144e+01 1.399201584158415699e+02
9.456507829266354292e+01 1.130726094905015771e+02
9.794910785843843826e+01 8.681893533555489739e+01
3.649779689467058574e+01 5.298688278080850296e+02
3.934030586116163875e+01 4.982939498825648457e+02
4.216969535008016123e+01 4.670629787992161255e+02
4.513995485327313872e+01 4.360483446200150297e+02
4.810061022120517293e+01 4.054182572800287403e+02
5.113966601604855811e+01 3.751438317790790506e+02
5.417621942531466317e+01 3.452478793635715988e+02
5.737044807044807726e+01 3.156651282051282124e+02
6.051002622242786089e+01 2.865929739318216889e+02
6.375938916468808770e+01 2.579048672566371465e+02
6.696296147511347385e+01 2.296964206805126310e+02
7.038188266288375416e+01 2.018205491944472669e+02
7.365692980834411685e+01 1.743420430968961341e+02
7.685668902223790155e+01 1.475035298270385056e+02
8.010353261471038877e+01 1.210599061510878869e+02
8.363431484104684444e+01 9.516226226691128431e+01
2.245173377858888131e+01 5.291081621558653296e+02
2.529338650068080696e+01 4.982983271737016366e+02
2.822309348093483194e+01 4.676935539667896364e+02
3.116480617450835666e+01 4.374433567348362430e+02
3.421967386320596205e+01 4.074681239160337327e+02
3.721611725246592073e+01 3.779115148748684874e+02
4.032444955903623196e+01 3.485709615658797702e+02
4.346025388217893948e+01 3.197130474077725921e+02
4.666041930089325973e+01 2.911957723212465226e+02
4.987573961441951553e+01 2.631176929193213709e+02
5.321161143435367080e+01 2.353532759929167923e+02
5.646135639709786602e+01 2.081217483631215828e+02
5.981600626818894284e+01 1.812047906872621184e+02
6.313319529884864778e+01 1.547790291308614883e+02
6.642392540093371167e+01 1.288656902348757853e+02
6.985967294822614804e+01 1.033846078458824422e+02
