1.500000000000000000e+01 1.500000000000000000e+01 0.000000000000000000e+00
3.000000000000000000e+01 1.500000000000000000e+01 0.000000000000000000e+00
4.500000000000000000e+01 1.500000000000000000e+01 0.000000000000000000e+00
6.000000000000000000e+01 1.500000000000000000e+01 0.000000000000000000e+00
7.500000000000000000e+01 1.500000000000000000e+01 0.000000000000000000e+00
9.000000000000000000e+01 1.500000000000000000e+01 0.000000000000000000e+00
1.050000000000000000e+02 1.500000000000000000e+01 0.000000000000000000e+00
1.200000000000000000e+02 1.500000000000000000e+01 0.000000000000000000e+00
1.350000000000000000e+02 1.500000000000000000e+01 0.000000000000000000e+00
1.500000000000000000e+02 1.500000000000000000e+01 0.000000000000000000e+00
1.650000000000000000e+02 1.500000000000000000e+01 0.000000000000000000e+00
1.800000000000000000e+02 1.500000000000000000e+01 0.000000000000000000e+00
1.950000000000000000e+02 1.500000000000000000e+01 0.000000000000000000e+00
2.100000000000000000e+02 1.500000000000000000e+01 0.000000000000000000e+00
2.250000000000000000e+02 1.500000000000000000e+01 0.000000000000000000e+00
2.400000000000000000e+02 1.500000000000000000e+01 0.000000000000000000e+00
1.500000000000000000e+01 3.000000000000000000e+01 0.000000000000000000e+00
3.000000000000000000e+01 3.000000000000000000e+01 0.000000000000000000e+00
4.500000000000000000e+01 3.000000000000000000e+01 0.000000000000000000e+00
6.000000000000000000e+01 3.000000000000000000e+01 0.000000000000000000e+00
7.500000000000000000e+01 3.000000000000000000e+01 0.000000000000000000e+00
9.000000000000000000e+01 3.000000000000000000e+01 0.000000000000000000e+00
1.050000000000000000e+02 3.000000000000000000e+01 0.000000000000000000e+00
1.200000000000000000e+02 3.000000000000000000e+01 0.000000000000000000e+00
1.350000000000000000e+02 3.000000000000000000e+01 0.000000000000000000e+00
1.500000000000000000e+02 3.000000000000000000e+01 0.000000000000000000e+00
1.650000000000000000e+02 3.000000000000000000e+01 0.000000000000000000e+00
1.800000000000000000e+02 3.000000000000000000e+01 0.000000000000000000e+00
1.950000000000000000e+02 3.000000000000000000e+01 0.000000000000000000e+00
2.100000000000000000e+02 3.000000000000000000e+01 0.000000000000000000e+00
2.250000000000000000e+02 3.000000000000000000e+01 0.000000000000000000e+00
2.400000000000000000e+02 3.000000000000000000e+01 0.000000000000000000e+00
1.500000000000000000e+01 4.500000000000000000e+01 0.000000000000000000e+00
3.000000000000000000e+01 4.500000000000000000e+01 0.000000000000000000e+00
4.500000000000000000e+01 4.500000000000000000e+01 0.000000000000000000e+00
6.000000000000000000e+01 4.500000000000000000e+01 0.000000000000000000e+00
7.500000000000000000e+01 4.500000000000000000e+01 0.000000000000000000e+00
9.000000000000000000e+01 4.500000000000000000e+01 0.000000000000000000e+00
1.050000000000000000e+02 4.500000000000000000e+01 0.000000000000000000e+00
1.200000000000000000e+02 4.500000000000000000e+01 0.000000000000000000e+00
1.350000000000000000e+02 4.500000000000000000e+01 0.000000000000000000e+00
1.500000000000000000e+02 4.500000000000000000e+01 0.000000000000000000e+00
1.650000000000000000e+02 4.500000000000000000e+01 0.000000000000000000e+00
1.800000000000000000e+02 4.500000000000000000e+01 0.000000000000000000e+00
1.950000000000000000e+02 4.500000000000000000e+01 0.000000000000000000e+00
2.100000000000000000e+02 4.500000000000000000e+01 0.000000000000000000e+00
2.250000000000000000e+02 4.500000000000000000e+01 0.000000000000000000e+00
2.400000000000000000e+02 4.500000000000000000e+01 0.000000000000000000e+00
1.500000000000000000e+01 6.000000000000000000e+01 0.000000000000000000e+00
3.000000000000000000e+01 6.000000000000000000e+01 0.000000000000000000e+00
4.500000000000000000e+01 6.000000000000000000e+01 0.000000000000000000e+00
6.000000000000000000e+01 6.000000000000000000e+01 0.000000000000000000e+00
7.500000000000000000e+01 6.000000000000000000e+01 0.000000000000000000e+00
9.000000000000000000e+01 6.000000000000000000e+01 0.000000000000000000e+00
1.050000000000000000e+02 6.000000000000000000e+01 0.000000000000000000e+00
1.200000000000000000e+02 6.000000000000000000e+01 0.000000000000000000e+00
1.350000000000000000e+02 6.000000000000000000e+01 0.000000000000000000e+00
1.500000000000000000e+02 6.000000000000000000e+01 0.000000000000000000e+00
1.650000000000000000e+02 6.000000000000000000e+01 0.000000000000000000e+00
1.800000000000000000e+02 6.000000000000000000e+01 0.000000000000000000e+00
1.950000000000000000e+02 6.000000000000000000e+01 0.000000000000000000e+00
2.100000000000000000e+02 6.000000000000000000e+01 0.000000000000000000e+00
2.250000000000000000e+02 6.000000000000000000e+01 0.000000000000000000e+00
2.400000000000000000e+02 6.000000000000000000e+01 0.000000000000000000e+00
1.500000000000000000e+01 7.500000000000000000e+01 0.000000000000000000e+00
3.000000000000000000e+01 7.500000000000000000e+01 0.000000000000000000e+00
4.500000000000000000e+01 7.500000000000000000e+01 0.000000000000000000e+00
6.000000000000000000e+01 7.500000000000000000e+01 0.000000000000000000e+00
7.500000000000000000e+01 7.500000000000000000e+01 0.000000000000000000e+00
9.000000000000000000e+01 7.500000000000000000e+01 0.000000000000000000e+00
1.050000000000000000e+02 7.500000000000000000e+01 0.000000000000000000e+00
1.200000000000000000e+02 7.500000000000000000e+01 0.000000000000000000e+00
1.350000000000000000e+02 7.500000000000000000e+01 0.000000000000000000e+00
1.500000000000000000e+02 7.500000000000000000e+01 0.000000000000000000e+00
1.650000000000000000e+02 7.500000000000000000e+01 0.000000000000000000e+00
1.800000000000000000e+02 7.500000000000000000e+01 0.000000000000000000e+00
1.950000000000000000e+02 7.500000000000000000e+01 0.000000000000000000e+00
2.100000000000000000e+02 7.500000000000000000e+01 0.000000000000000000e+00
2.250000000000000000e+02 7.500000000000000000e+01 0.000000000000000000e+00
2.400000000000000000e+02 7.500000000000000000e+01 0.000000000000000000e+00
1.500000000000000000e+01 9.000000000000000000e+01 0.000000000000000000e+00
3.000000000000000000e+01 9.000000000000000000e+01 0.000000000000000000e+00
4.500000000000000000e+01 9.000000000000000000e+01 0.000000000000000000e+00
6.000000000000000000e+01 9.000000000000000000e+01 0.000000000000000000e+00
7.500000000000000000e+01 9.000000000000000000e+01 0.000000000000000000e+00
9.000000000000000000e+01 9.000000000000000000e+01 0.000000000000000000e+00
1.050000000000000000e+02 9.000000000000000000e+01 0.000000000000000000e+00
1.200000000000000000e+02 9.000000000000000000e+01 0.000000000000000000e+00
1.350000000000000000e+02 9.000000000000000000e+01 0.000000000000000000e+00
1.500000000000000000e+02 9.000000000000000000e+01 0.000000000000000000e+00
1.650000000000000000e+02 9.000000000000000000e+01 0.000000000000000000e+00
1.800000000000000000e+02 9.000000000000000000e+01 0.000000000000000000e+00
1.950000000000000000e+02 9.000000000000000000e+01 0.000000000000000000e+00
2.100000000000000000e+02 9.000000000000000000e+01 0.000000000000000000e+00
2.250000000000000000e+02 9.000000000000000000e+01 0.000000000000000000e+00
2.400000000000000000e+02 9.000000000000000000e+01 0.000000000000000000e+00
1.500000000000000000e+01 1.050000000000000000e+02 0.000000000000000000e+00
3.000000000000000000e+01 1.050000000000000000e+02 0.000000000000000000e+00
4.500000000000000000e+01 1.050000000000000000e+02 0.000000000000000000e+00
6.000000000000000000e+01 1.050000000000000000e+02 0.000000000000000000e+00
7.500000000000000000e+01 1.050000000000000000e+02 0.000000000000000000e+00
9.000000000000000000e+01 1.050000000000000000e+02 0.000000000000000000e+00
1.050000000000000000e+02 1.050000000000000000e+02 0.000000000000000000e+00
1.200000000000000000e+02 1.050000000000000000e+02 0.000000000000000000e+00
1.350000000000000000e+02 1.050000000000000000e+02 0.000000000000000000e+00
1.500000000000000000e+02 1.050000000000000000e+02 0.000000000000000000e+00
1.650000000000000000e+02 1.050000000000000000e+02 0.000000000000000000e+00
1.800000000000000000e+02 1.050000000000000000e+02 0.000000000000000000e+00
1.950000000000000000e+02 1.050000000000000000e+02 0.000000000000000000e+00
2.100000000000000000e+02 1.050000000000000000e+02 0.000000000000000000e+00
2.250000000000000000e+02 1.050000000000000000e+02 0.000000000000000000e+00
2.400000000000000000e+02 1.050000000000000000e+02 0.000000000000000000e+00
1.500000000000000000e+01 1.200000000000000000e+02 0.000000000000000000e+00
3.000000000000000000e+01 1.200000000000000000e+02 0.000000000000000000e+00
4.500000000000000000e+01 1.200000000000000000e+02 0.000000000000000000e+00
6.000000000000000000e+01 1.200000000000000000e+02 0.000000000000000000e+00
7.500000000000000000e+01 1.200000000000000000e+02 0.000000000000000000e+00
9.000000000000000000e+01 1.200000000000000000e+02 0.000000000000000000e+00
1.050000000000000000e+02 1.200000000000000000e+02 0.000000000000000000e+00
1.200000000000000000e+02 1.200000000000000000e+02 0.000000000000000000e+00
1.350000000000000000e+02 1.200000000000000000e+02 0.000000000000000000e+00
1.500000000000000000e+02 1.200000000000000000e+02 0.000000000000000000e+00
1.650000000000000000e+02 1.200000000000000000e+02 0.000000000000000000e+00
1.800000000000000000e+02 1.200000000000000000e+02 0.000000000000000000e+00
1.950000000000000000e+02 1.200000000000000000e+02 0.000000000000000000e+00
2.100000000000000000e+02 1.200000000000000000e+02 0.000000000000000000e+00
2.250000000000000000e+02 1.200000000000000000e+02 0.000000000000000000e+00
2.400000000000000000e+02 1.200000000000000000e+02 0.000000000000000000e+00
1.500000000000000000e+01 1.350000000000000000e+02 0.000000000000000000e+00
3.000000000000000000e+01 1.350000000000000000e+02 0.000000000000000000e+00
4.500000000000000000e+01 1.350000000000000000e+02 0.000000000000000000e+00
6.000000000000000000e+01 1.350000000000000000e+02 0.000000000000000000e+00
7.500000000000000000e+01 1.350000000000000000e+02 0.000000000000000000e+00
9.000000000000000000e+01 1.350000000000000000e+02 0.000000000000000000e+00
1.050000000000000000e+02 1.350000000000000000e+02 0.000000000000000000e+00
1.200000000000000000e+02 1.350000000000000000e+02 0.000000000000000000e+00
1.350000000000000000e+02 1.350000000000000000e+02 0.000000000000000000e+00
1.500000000000000000e+02 1.350000000000000000e+02 0.000000000000000000e+00
1.650000000000000000e+02 1.350000000000000000e+02 0.000000000000000000e+00
1.800000000000000000e+02 1.350000000000000000e+02 0.000000000000000000e+00
1.950000000000000000e+02 1.350000000000000000e+02 0.000000000000000000e+00
2.100000000000000000e+02 1.350000000000000000e+02 0.000000000000000000e+00
2.250000000000000000e+02 1.350000000000000000e+02 0.000000000000000000e+00
2.400000000000000000e+02 1.350000000000000000e+02 0.000000000000000000e+00
1.500000000000000000e+01 1.500000000000000000e+02 0.000000000000000000e+00
3.000000000000000000e+01 1.500000000000000000e+02 0.000000000000000000e+00
4.500000000000000000e+01 1.500000000000000000e+02 0.000000000000000000e+00
6.000000000000000000e+01 1.500000000000000000e+02 0.000000000000000000e+00
7.500000000000000000e+01 1.500000000000000000e+02 0.000000000000000000e+00
9.000000000000000000e+01 1.500000000000000000e+02 0.000000000000000000e+00
1.050000000000000000e+02 1.500000000000000000e+02 0.000000000000000000e+00
1.200000000000000000e+02 1.500000000000000000e+02 0.000000000000000000e+00
1.350000000000000000e+02 1.500000000000000000e+02 0.000000000000000000e+00
1.500000000000000000e+02 1.500000000000000000e+02 0.000000000000000000e+00
1.650000000000000000e+02 1.500000000000000000e+02 0.000000000000000000e+00
1.800000000000000000e+02 1.500000000000000000e+02 0.000000000000000000e+00
1.950000000000000000e+02 1.500000000000000000e+02 0.000000000000000000e+00
2.100000000000000000e+02 1.500000000000000000e+02 0.000000000000000000e+00
2.250000000000000000e+02 1.500000000000000000e+02 0.000000000000000000e+00
2.400000000000000000e+02 1.500000000000000000e+02 0.000000000000000000e+00
1.500000000000000000e+01 1.650000000000000000e+02 0.000000000000000000e+00
3.000000000000000000e+01 1.650000000000000000e+02 0.000000000000000000e+00
4.500000000000000000e+01 1.650000000000000000e+02 0.000000000000000000e+00
6.000000000000000000e+01 1.650000000000000000e+02 0.000000000000000000e+00
7.500000000000000000e+01 1.650000000000000000e+02 0.000000000000000000e+00
9.000000000000000000e+01 1.650000000000000000e+02 0.000000000000000000e+00
1.050000000000000000e+02 1.650000000000000000e+02 0.000000000000000000e+00
1.200000000000000000e+02 1.650000000000000000e+02 0.000000000000000000e+00
1.350000000000000000e+02 1.650000000000000000e+02 0.000000000000000000e+00
1.500000000000000000e+02 1.650000000000000000e+02 0.000000000000000000e+00
1.650000000000000000e+02 1.650000000000000000e+02 0.000000000000000000e+00
1.800000000000000000e+02 1.650000000000000000e+02 0.000000000000000000e+00
1.950000000000000000e+02 1.650000000000000000e+02 0.000000000000000000e+00
2.100000000000000000e+02 1.650000000000000000e+02 0.000000000000000000e+00
2.250000000000000000e+02 1.650000000000000000e+02 0.000000000000000000e+00
2.400000000000000000e+02 1.650000000000000000e+02 0.000000000000000000e+00
1.500000000000000000e+01 1.800000000000000000e+02 0.000000000000000000e+00
3.000000000000000000e+01 1.800000000000000000e+02 0.000000000000000000e+00
4.500000000000000000e+01 1.800000000000000000e+02 0.000000000000000000e+00
6.000000000000000000e+01 1.800000000000000000e+02 0.000000000000000000e+00
7.500000000000000000e+01 1.800000000000000000e+02 0.000000000000000000e+00
9.000000000000000000e+01 1.800000000000000000e+02 0.000000000000000000e+00
1.050000000000000000e+02 1.800000000000000000e+02 0.000000000000000000e+00
1.200000000000000000e+02 1.800000000000000000e+02 0.000000000000000000e+00
1.350000000000000000e+02 1.800000000000000000e+02 0.000000000000000000e+00
1.500000000000000000e+02 1.800000000000000000e+02 0.000000000000000000e+00
1.650000000000000000e+02 1.800000000000000000e+02 0.000000000000000000e+00
1.800000000000000000e+02 1.800000000000000000e+02 0.000000000000000000e+00
1.950000000000000000e+02 1.800000000000000000e+02 0.000000000000000000e+00
2.100000000000000000e+02 1.800000000000000000e+02 0.000000000000000000e+00
2.250000000000000000e+02 1.800000000000000000e+02 0.000000000000000000e+00
2.400000000000000000e+02 1.800000000000000000e+02 0.000000000000000000e+00
1.500000000000000000e+01 1.950000000000000000e+02 0.000000000000000000e+00
3.000000000000000000e+01 1.950000000000000000e+02 0.000000000000000000e+00
4.500000000000000000e+01 1.950000000000000000e+02 0.000000000000000000e+00
6.000000000000000000e+01 1.950000000000000000e+02 0.000000000000000000e+00
7.500000000000000000e+01 1.950000000000000000e+02 0.000000000000000000e+00
9.000000000000000000e+01 1.950000000000000000e+02 0.000000000000000000e+00
1.050000000000000000e+02 1.950000000000000000e+02 0.000000000000000000e+00
1.200000000000000000e+02 1.950000000000000000e+02 0.000000000000000000e+00
1.350000000000000000e+02 1.950000000000000000e+02 0.000000000000000000e+00
1.500000000000000000e+02 1.950000000000000000e+02 0.000000000000000000e+00
1.650000000000000000e+02 1.950000000000000000e+02 0.000000000000000000e+00
1.800000000000000000e+02 1.950000000000000000e+02 0.000000000000000000e+00
1.950000000000000000e+02 1.950000000000000000e+02 0.000000000000000000e+00
2.100000000000000000e+02 1.950000000000000000e+02 0.000000000000000000e+00
2.250000000000000000e+02 1.950000000000000000e+02 0.000000000000000000e+00
2.400000000000000000e+02 1.950000000000000000e+02 0.000000000000000000e+00
3.000000000000000000e+01 2.100000000000000000e+02 0.000000000000000000e+00
4.500000000000000000e+01 2.100000000000000000e+02 0.000000000000000000e+00
6.000000000000000000e+01 2.100000000000000000e+02 0.000000000000000000e+00
7.500000000000000000e+01 2.100000000000000000e+02 0.000000000000000000e+00
9.000000000000000000e+01 2.100000000000000000e+02 0.000000000000000000e+00
1.050000000000000000e+02 2.100000000000000000e+02 0.000000000000000000e+00
1.200000000000000000e+02 2.100000000000000000e+02 0.000000000000000000e+00
1.350000000000000000e+02 2.100000000000000000e+02 0.000000000000000000e+00
1.500000000000000000e+02 2.100000000000000000e+02 0.000000000000000000e+00
1.650000000000000000e+02 2.100000000000000000e+02 0.000000000000000000e+00
1.800000000000000000e+02 2.100000000000000000e+02 0.000000000000000000e+00
1.950000000000000000e+02 2.100000000000000000e+02 0.000000000000000000e+00
2.100000000000000000e+02 2.100000000000000000e+02 0.000000000000000000e+00
2.250000000000000000e+02 2.100000000000000000e+02 0.000000000000000000e+00
2.400000000000000000e+02 2.100000000000000000e+02 0.000000000000000000e+00
6.000000000000000000e+01 2.250000000000000000e+02 0.000000000000000000e+00
7.500000000000000000e+01 2.250000000000000000e+02 0.000000000000000000e+00
9.000000000000000000e+01 2.250000000000000000e+02 0.000000000000000000e+00
1.050000000000000000e+02 2.250000000000000000e+02 0.000000000000000000e+00
1.200000000000000000e+02 2.250000000000000000e+02 0.000000000000000000e+00
1.350000000000000000e+02 2.250000000000000000e+02 0.000000000000000000e+00
1.500000000000000000e+02 2.250000000000000000e+02 0.000000000000000000e+00
1.650000000000000000e+02 2.250000000000000000e+02 0.000000000000000000e+00
1.800000000000000000e+02 2.250000000000000000e+02 0.000000000000000000e+00
1.950000000000000000e+02 2.250000000000000000e+02 0.000000000000000000e+00
2.100000000000000000e+02 2.250000000000000000e+02 0.000000000000000000e+00
2.250000000000000000e+02 2.250000000000000000e+02 0.000000000000000000e+00
2.400000000000000000e+02 2.250000000000000000e+02 0.000000000000000000e+00
1.050000000000000000e+02 2.400000000000000000e+02 0.000000000000000000e+00
1.200000000000000000e+02 2.400000000000000000e+02 0.000000000000000000e+00
1.350000000000000000e+02 2.400000000000000000e+02 0.000000000000000000e+00
1.500000000000000000e+02 2.400000000000000000e+02 0.000000000000000000e+00
1.650000000000000000e+02 2.400000000000000000e+02 0.000000000000000000e+00
1.800000000000000000e+02 2.400000000000000000e+02 0.000000000000000000e+00
1.950000000000000000e+02 2.400000000000000000e+02 0.000000000000000000e+00
2.100000000000000000e+02 2.400000000000000000e+02 0.000000000000000000e+00
2.250000000000000000e+02 2.400000000000000000e+02 0.000000000000000000e+00
2.400000000000000000e+02 2.400000000000000000e+02 0.000000000000000000e+00
6.930694628184057293e-02 1.498499992781748169e+01 1.500499999691453290e+01
6.930694628184057293e-02 2.998499992781747991e+01 1.500499999691453290e+01
6.930694628184057293e-02 4.498499992781748347e+01 1.500499999691453290e+01
6.930694628184057293e-02 5.998499992781748347e+01 1.500499999691453290e+01
6.930694628184057293e-02 7.498499992781748347e+01 1.500499999691453290e+01
6.930694628184057293e-02 8.998499992781748347e+01 1.500499999691453290e+01
6.930694628184057293e-02 1.049849999278174835e+02 1.500499999691453290e+01
6.930694628184057293e-02 1.199849999278174835e+02 1.500499999691453290e+01
6.930694628184057293e-02 1.349849999278174835e+02 1.500499999691453290e+01
6.930694628184057293e-02 1.499849999278174835e+02 1.500499999691453290e+01
6.930694628184057293e-02 1.649849999278174835e+02 1.500499999691453290e+01
6.930694628184057293e-02 1.799849999278174835e+02 1.500499999691453290e+01
6.930694628184057293e-02 1.949849999278174835e+02 1.500499999691453290e+01
6.930694628184057293e-02 1.498499992781748169e+01 3.000499999691453468e+01
6.930694628184057293e-02 2.998499992781747991e+01 3.000499999691453468e+01
6.930694628184057293e-02 4.498499992781748347e+01 3.000499999691453468e+01
6.930694628184057293e-02 5.998499992781748347e+01 3.000499999691453468e+01
6.930694628184057293e-02 7.498499992781748347e+01 3.000499999691453468e+01
6.930694628184057293e-02 8.998499992781748347e+01 3.000499999691453468e+01
6.930694628184057293e-02 1.049849999278174835e+02 3.000499999691453468e+01
6.930694628184057293e-02 1.199849999278174835e+02 3.000499999691453468e+01
6.930694628184057293e-02 1.349849999278174835e+02 3.000499999691453468e+01
6.930694628184057293e-02 1.499849999278174835e+02 3.000499999691453468e+01
6.930694628184057293e-02 1.649849999278174835e+02 3.000499999691453468e+01
6.930694628184057293e-02 1.799849999278174835e+02 3.000499999691453468e+01
6.930694628184057293e-02 1.949849999278174835e+02 3.000499999691453468e+01
6.930694628184057293e-02 2.099849999278174835e+02 3.000499999691453468e+01
6.930694628184057293e-02 1.498499992781748169e+01 4.500499999691453468e+01
6.930694628184057293e-02 2.998499992781747991e+01 4.500499999691453468e+01
6.930694628184057293e-02 4.498499992781748347e+01 4.500499999691453468e+01
6.930694628184057293e-02 5.998499992781748347e+01 4.500499999691453468e+01
6.930694628184057293e-02 7.498499992781748347e+01 4.500499999691453468e+01
6.930694628184057293e-02 8.998499992781748347e+01 4.500499999691453468e+01
6.930694628184057293e-02 1.049849999278174835e+02 4.500499999691453468e+01
6.930694628184057293e-02 1.199849999278174835e+02 4.500499999691453468e+01
6.930694628184057293e-02 1.349849999278174835e+02 4.500499999691453468e+01
6.930694628184057293e-02 1.499849999278174835e+02 4.500499999691453468e+01
6.930694628184057293e-02 1.649849999278174835e+02 4.500499999691453468e+01
6.930694628184057293e-02 1.799849999278174835e+02 4.500499999691453468e+01
6.930694628184057293e-02 1.949849999278174835e+02 4.500499999691453468e+01
6.930694628184057293e-02 2.099849999278174835e+02 4.500499999691453468e+01
6.930694628184057293e-02 1.498499992781748169e+01 6.000499999691453468e+01
6.930694628184057293e-02 2.998499992781747991e+01 6.000499999691453468e+01
6.930694628184057293e-02 4.498499992781748347e+01 6.000499999691453468e+01
6.930694628184057293e-02 5.998499992781748347e+01 6.000499999691453468e+01
6.930694628184057293e-02 7.498499992781748347e+01 6.000499999691453468e+01
6.930694628184057293e-02 8.998499992781748347e+01 6.000499999691453468e+01
6.930694628184057293e-02 1.049849999278174835e+02 6.000499999691453468e+01
6.930694628184057293e-02 1.199849999278174835e+02 6.000499999691453468e+01
6.930694628184057293e-02 1.349849999278174835e+02 6.000499999691453468e+01
6.930694628184057293e-02 1.499849999278174835e+02 6.000499999691453468e+01
6.930694628184057293e-02 1.649849999278174835e+02 6.000499999691453468e+01
6.930694628184057293e-02 1.799849999278174835e+02 6.000499999691453468e+01
6.930694628184057293e-02 1.949849999278174835e+02 6.000499999691453468e+01
6.930694628184057293e-02 2.099849999278174835e+02 6.000499999691453468e+01
6.930694628184057293e-02 1.498499992781748169e+01 7.500499999691453468e+01
6.930694628184057293e-02 2.998499992781747991e+01 7.500499999691453468e+01
6.930694628184057293e-02 4.498499992781748347e+01 7.500499999691453468e+01
6.930694628184057293e-02 5.998499992781748347e+01 7.500499999691453468e+01
6.930694628184057293e-02 7.498499992781748347e+01 7.500499999691453468e+01
6.930694628184057293e-02 8.998499992781748347e+01 7.500499999691453468e+01
6.930694628184057293e-02 1.049849999278174835e+02 7.500499999691453468e+01
6.930694628184057293e-02 1.199849999278174835e+02 7.500499999691453468e+01
6.930694628184057293e-02 1.349849999278174835e+02 7.500499999691453468e+01
6.930694628184057293e-02 1.499849999278174835e+02 7.500499999691453468e+01
6.930694628184057293e-02 1.649849999278174835e+02 7.500499999691453468e+01
6.930694628184057293e-02 1.799849999278174835e+02 7.500499999691453468e+01
6.930694628184057293e-02 1.949849999278174835e+02 7.500499999691453468e+01
6.930694628184057293e-02 2.099849999278174835e+02 7.500499999691453468e+01
6.930694628184057293e-02 2.249849999278174835e+02 7.500499999691453468e+01
6.930694628184057293e-02 1.498499992781748169e+01 9.000499999691453468e+01
6.930694628184057293e-02 2.998499992781747991e+01 9.000499999691453468e+01
6.930694628184057293e-02 4.498499992781748347e+01 9.000499999691453468e+01
6.930694628184057293e-02 5.998499992781748347e+01 9.000499999691453468e+01
6.930694628184057293e-02 7.498499992781748347e+01 9.000499999691453468e+01
6.930694628184057293e-02 8.998499992781748347e+01 9.000499999691453468e+01
6.930694628184057293e-02 1.049849999278174835e+02 9.000499999691453468e+01
6.930694628184057293e-02 1.199849999278174835e+02 9.000499999691453468e+01
6.930694628184057293e-02 1.349849999278174835e+02 9.000499999691453468e+01
6.930694628184057293e-02 1.499849999278174835e+02 9.000499999691453468e+01
6.930694628184057293e-02 1.649849999278174835e+02 9.000499999691453468e+01
6.930694628184057293e-02 1.799849999278174835e+02 9.000499999691453468e+01
6.930694628184057293e-02 1.949849999278174835e+02 9.000499999691453468e+01
6.930694628184057293e-02 2.099849999278174835e+02 9.000499999691453468e+01
6.930694628184057293e-02 2.249849999278174835e+02 9.000499999691453468e+01
6.930694628184057293e-02 1.498499992781748169e+01 1.050049999969145347e+02
6.930694628184057293e-02 2.998499992781747991e+01 1.050049999969145347e+02
6.930694628184057293e-02 4.498499992781748347e+01 1.050049999969145347e+02
6.930694628184057293e-02 5.998499992781748347e+01 1.050049999969145347e+02
6.930694628184057293e-02 7.498499992781748347e+01 1.050049999969145347e+02
6.930694628184057293e-02 8.998499992781748347e+01 1.050049999969145347e+02
6.930694628184057293e-02 1.049849999278174835e+02 1.050049999969145347e+02
6.930694628184057293e-02 1.199849999278174835e+02 1.050049999969145347e+02
6.930694628184057293e-02 1.349849999278174835e+02 1.050049999969145347e+02
6.930694628184057293e-02 1.499849999278174835e+02 1.050049999969145347e+02
6.930694628184057293e-02 1.649849999278174835e+02 1.050049999969145347e+02
6.930694628184057293e-02 1.799849999278174835e+02 1.050049999969145347e+02
6.930694628184057293e-02 1.949849999278174835e+02 1.050049999969145347e+02
6.930694628184057293e-02 2.099849999278174835e+02 1.050049999969145347e+02
6.930694628184057293e-02 2.249849999278174835e+02 1.050049999969145347e+02
6.930694628184057293e-02 2.399849999278174835e+02 1.050049999969145347e+02
6.930694628184057293e-02 1.498499992781748169e+01 1.200049999969145347e+02
6.930694628184057293e-02 2.998499992781747991e+01 1.200049999969145347e+02
6.930694628184057293e-02 4.498499992781748347e+01 1.200049999969145347e+02
6.930694628184057293e-02 5.998499992781748347e+01 1.200049999969145347e+02
6.930694628184057293e-02 7.498499992781748347e+01 1.200049999969145347e+02
6.930694628184057293e-02 8.998499992781748347e+01 1.200049999969145347e+02
6.930694628184057293e-02 1.049849999278174835e+02 1.200049999969145347e+02
6.930694628184057293e-02 1.199849999278174835e+02 1.200049999969145347e+02
6.930694628184057293e-02 1.349849999278174835e+02 1.200049999969145347e+02
6.930694628184057293e-02 1.499849999278174835e+02 1.200049999969145347e+02
6.930694628184057293e-02 1.649849999278174835e+02 1.200049999969145347e+02
6.930694628184057293e-02 1.799849999278174835e+02 1.200049999969145347e+02
6.930694628184057293e-02 1.949849999278174835e+02 1.200049999969145347e+02
6.930694628184057293e-02 2.099849999278174835e+02 1.200049999969145347e+02
6.930694628184057293e-02 2.249849999278174835e+02 1.200049999969145347e+02
6.930694628184057293e-02 2.399849999278174835e+02 1.200049999969145347e+02
6.930694628184057293e-02 1.498499992781748169e+01 1.350049999969145347e+02
6.930694628184057293e-02 2.998499992781747991e+01 1.350049999969145347e+02
6.930694628184057293e-02 4.498499992781748347e+01 1.350049999969145347e+02
6.930694628184057293e-02 5.998499992781748347e+01 1.350049999969145347e+02
6.930694628184057293e-02 7.498499992781748347e+01 1.350049999969145347e+02
6.930694628184057293e-02 8.998499992781748347e+01 1.350049999969145347e+02
6.930694628184057293e-02 1.049849999278174835e+02 1.350049999969145347e+02
6.930694628184057293e-02 1.199849999278174835e+02 1.350049999969145347e+02
6.930694628184057293e-02 1.349849999278174835e+02 1.350049999969145347e+02
6.930694628184057293e-02 1.499849999278174835e+02 1.350049999969145347e+02
6.930694628184057293e-02 1.649849999278174835e+02 1.350049999969145347e+02
6.930694628184057293e-02 1.799849999278174835e+02 1.350049999969145347e+02
6.930694628184057293e-02 1.949849999278174835e+02 1.350049999969145347e+02
6.930694628184057293e-02 2.099849999278174835e+02 1.350049999969145347e+02
6.930694628184057293e-02 2.249849999278174835e+02 1.350049999969145347e+02
6.930694628184057293e-02 2.399849999278174835e+02 1.350049999969145347e+02
6.930694628184057293e-02 1.498499992781748169e+01 1.500049999969145347e+02
6.930694628184057293e-02 2.998499992781747991e+01 1.500049999969145347e+02
6.930694628184057293e-02 4.498499992781748347e+01 1.500049999969145347e+02
6.930694628184057293e-02 5.998499992781748347e+01 1.500049999969145347e+02
6.930694628184057293e-02 7.498499992781748347e+01 1.500049999969145347e+02
6.930694628184057293e-02 8.998499992781748347e+01 1.500049999969145347e+02
6.930694628184057293e-02 1.049849999278174835e+02 1.500049999969145347e+02
6.930694628184057293e-02 1.199849999278174835e+02 1.500049999969145347e+02
6.930694628184057293e-02 1.349849999278174835e+02 1.500049999969145347e+02
6.930694628184057293e-02 1.499849999278174835e+02 1.500049999969145347e+02
6.930694628184057293e-02 1.649849999278174835e+02 1.500049999969145347e+02
6.930694628184057293e-02 1.799849999278174835e+02 1.500049999969145347e+02
6.930694628184057293e-02 1.949849999278174835e+02 1.500049999969145347e+02
6.930694628184057293e-02 2.099849999278174835e+02 1.500049999969145347e+02
6.930694628184057293e-02 2.249849999278174835e+02 1.500049999969145347e+02
6.930694628184057293e-02 2.399849999278174835e+02 1.500049999969145347e+02
6.930694628184057293e-02 1.498499992781748169e+01 1.650049999969145347e+02
6.930694628184057293e-02 2.998499992781747991e+01 1.650049999969145347e+02
6.930694628184057293e-02 4.498499992781748347e+01 1.650049999969145347e+02
6.930694628184057293e-02 5.998499992781748347e+01 1.650049999969145347e+02
6.930694628184057293e-02 7.498499992781748347e+01 1.650049999969145347e+02
6.930694628184057293e-02 8.998499992781748347e+01 1.650049999969145347e+02
6.930694628184057293e-02 1.049849999278174835e+02 1.650049999969145347e+02
6.930694628184057293e-02 1.199849999278174835e+02 1.650049999969145347e+02
6.930694628184057293e-02 1.349849999278174835e+02 1.650049999969145347e+02
6.930694628184057293e-02 1.499849999278174835e+02 1.650049999969145347e+02
6.930694628184057293e-02 1.649849999278174835e+02 1.650049999969145347e+02
6.930694628184057293e-02 1.799849999278174835e+02 1.650049999969145347e+02
6.930694628184057293e-02 1.949849999278174835e+02 1.650049999969145347e+02
6.930694628184057293e-02 2.099849999278174835e+02 1.650049999969145347e+02
6.930694628184057293e-02 2.249849999278174835e+02 1.650049999969145347e+02
6.930694628184057293e-02 2.399849999278174835e+02 1.650049999969145347e+02
6.930694628184057293e-02 1.498499992781748169e+01 1.800049999969145347e+02
6.930694628184057293e-02 2.998499992781747991e+01 1.800049999969145347e+02
6.930694628184057293e-02 4.498499992781748347e+01 1.800049999969145347e+02
6.930694628184057293e-02 5.998499992781748347e+01 1.800049999969145347e+02
6.930694628184057293e-02 7.498499992781748347e+01 1.800049999969145347e+02
6.930694628184057293e-02 8.998499992781748347e+01 1.800049999969145347e+02
6.930694628184057293e-02 1.049849999278174835e+02 1.800049999969145347e+02
6.930694628184057293e-02 1.199849999278174835e+02 1.800049999969145347e+02
6.930694628184057293e-02 1.349849999278174835e+02 1.800049999969145347e+02
6.930694628184057293e-02 1.499849999278174835e+02 1.800049999969145347e+02
6.930694628184057293e-02 1.649849999278174835e+02 1.800049999969145347e+02
6.930694628184057293e-02 1.799849999278174835e+02 1.800049999969145347e+02
6.930694628184057293e-02 1.949849999278174835e+02 1.800049999969145347e+02
6.930694628184057293e-02 2.099849999278174835e+02 1.800049999969145347e+02
6.930694628184057293e-02 2.249849999278174835e+02 1.800049999969145347e+02
6.930694628184057293e-02 2.399849999278174835e+02 1.800049999969145347e+02
6.930694628184057293e-02 1.498499992781748169e+01 1.950049999969145347e+02
6.930694628184057293e-02 2.998499992781747991e+01 1.950049999969145347e+02
6.930694628184057293e-02 4.498499992781748347e+01 1.950049999969145347e+02
6.930694628184057293e-02 5.998499992781748347e+01 1.950049999969145347e+02
6.930694628184057293e-02 7.498499992781748347e+01 1.950049999969145347e+02
6.930694628184057293e-02 8.998499992781748347e+01 1.950049999969145347e+02
6.930694628184057293e-02 1.049849999278174835e+02 1.950049999969145347e+02
6.930694628184057293e-02 1.199849999278174835e+02 1.950049999969145347e+02
6.930694628184057293e-02 1.349849999278174835e+02 1.950049999969145347e+02
6.930694628184057293e-02 1.499849999278174835e+02 1.950049999969145347e+02
6.930694628184057293e-02 1.649849999278174835e+02 1.950049999969145347e+02
6.930694628184057293e-02 1.799849999278174835e+02 1.950049999969145347e+02
6.930694628184057293e-02 1.949849999278174835e+02 1.950049999969145347e+02
6.930694628184057293e-02 2.099849999278174835e+02 1.950049999969145347e+02
6.930694628184057293e-02 2.249849999278174835e+02 1.950049999969145347e+02
6.930694628184057293e-02 2.399849999278174835e+02 1.950049999969145347e+02
6.930694628184057293e-02 1.498499992781748169e+01 2.100049999969145347e+02
6.930694628184057293e-02 2.998499992781747991e+01 2.100049999969145347e+02
6.930694628184057293e-02 4.498499992781748347e+01 2.100049999969145347e+02
6.930694628184057293e-02 5.998499992781748347e+01 2.100049999969145347e+02
6.930694628184057293e-02 7.498499992781748347e+01 2.100049999969145347e+02
6.930694628184057293e-02 8.998499992781748347e+01 2.100049999969145347e+02
6.930694628184057293e-02 1.049849999278174835e+02 2.100049999969145347e+02
6.930694628184057293e-02 1.199849999278174835e+02 2.100049999969145347e+02
6.930694628184057293e-02 1.349849999278174835e+02 2.100049999969145347e+02
6.930694628184057293e-02 1.499849999278174835e+02 2.100049999969145347e+02
6.930694628184057293e-02 1.649849999278174835e+02 2.100049999969145347e+02
6.930694628184057293e-02 1.799849999278174835e+02 2.100049999969145347e+02
6.930694628184057293e-02 1.949849999278174835e+02 2.100049999969145347e+02
6.930694628184057293e-02 2.099849999278174835e+02 2.100049999969145347e+02
6.930694628184057293e-02 2.249849999278174835e+02 2.100049999969145347e+02
6.930694628184057293e-02 2.399849999278174835e+02 2.100049999969145347e+02
6.930694628184057293e-02 1.498499992781748169e+01 2.250049999969145347e+02
6.930694628184057293e-02 2.998499992781747991e+01 2.250049999969145347e+02
6.930694628184057293e-02 4.498499992781748347e+01 2.250049999969145347e+02
6.930694628184057293e-02 5.998499992781748347e+01 2.250049999969145347e+02
6.930694628184057293e-02 7.498499992781748347e+01 2.250049999969145347e+02
6.930694628184057293e-02 8.998499992781748347e+01 2.250049999969145347e+02
6.930694628184057293e-02 1.049849999278174835e+02 2.250049999969145347e+02
6.930694628184057293e-02 1.199849999278174835e+02 2.250049999969145347e+02
6.930694628184057293e-02 1.349849999278174835e+02 2.250049999969145347e+02
6.930694628184057293e-02 1.499849999278174835e+02 2.250049999969145347e+02
6.930694628184057293e-02 1.649849999278174835e+02 2.250049999969145347e+02
6.930694628184057293e-02 1.799849999278174835e+02 2.250049999969145347e+02
6.930694628184057293e-02 1.949849999278174835e+02 2.250049999969145347e+02
6.930694628184057293e-02 2.099849999278174835e+02 2.250049999969145347e+02
6.930694628184057293e-02 2.249849999278174835e+02 2.250049999969145347e+02
6.930694628184057293e-02 2.399849999278174835e+02 2.250049999969145347e+02
6.930694628184057293e-02 1.498499992781748169e+01 2.400049999969145347e+02
6.930694628184057293e-02 2.998499992781747991e+01 2.400049999969145347e+02
6.930694628184057293e-02 4.498499992781748347e+01 2.400049999969145347e+02
6.930694628184057293e-02 5.998499992781748347e+01 2.400049999969145347e+02
6.930694628184057293e-02 7.498499992781748347e+01 2.400049999969145347e+02
6.930694628184057293e-02 8.998499992781748347e+01 2.400049999969145347e+02
6.930694628184057293e-02 1.049849999278174835e+02 2.400049999969145347e+02
6.930694628184057293e-02 1.199849999278174835e+02 2.400049999969145347e+02
6.930694628184057293e-02 1.349849999278174835e+02 2.400049999969145347e+02
6.930694628184057293e-02 1.499849999278174835e+02 2.400049999969145347e+02
6.930694628184057293e-02 1.649849999278174835e+02 2.400049999969145347e+02
6.930694628184057293e-02 1.799849999278174835e+02 2.400049999969145347e+02
6.930694628184057293e-02 1.949849999278174835e+02 2.400049999969145347e+02
6.930694628184057293e-02 2.099849999278174835e+02 2.400049999969145347e+02
6.930694628184057293e-02 2.249849999278174835e+02 2.400049999969145347e+02
6.930694628184057293e-02 2.399849999278174835e+02 2.400049999969145347e+02
